function q=matrixq(plop)

q=[3.225093778539304;
	   	   1.601989771700952;
	    	   3.912773473464562;
	    	  0.2004910830653751;
	    	  0.1325806897139735;
	    	   3.959977944920134;
	    	   1.190209622687805;
	    	   3.411097602828076;
	    	  0.7570028963018404;
	   	   2.641056153466166;
	   	   2.913008315658827;
	   	   3.342464609973576;
	   	  0.5204528432471414;
	   	   1.931125737244662;
	   	    2.79002798281929;
	   	   2.610717272544257;
	   	   2.361826801579209;
	   	   3.504450016928983;
	   	  0.0135751973370311;
	   	  0.4975791660682027;
	   	   2.762568847564973;
	   	   1.442663600109161;
	   	  0.9864772806306377;
	   	   2.165387277575506;
	   	   1.826085134922911;
	   	    2.67580504364446;
	   	   1.325888324476943;
	   	  0.6937330782130572;
	   	  0.5820682979752646;
	   	 0.01843164271514632] ;
end