function N=matrixN(plop)

N(1:30,1:50)=0;


N(:,1:3)=[2.930609467	4.172731227	   4.589228214	;
0.465599549	4.548877605	7.629339933	;
4.542816443	7.052291993	7.188880043	;
7.768695866	7.757271652	4.356799932	;
1.186466431	2.032899389	1.930065542	;
3.604709856	1.235088279	7.732141436	;
0.131647255	3.918256734	2.391785289	;
0.171558642	4.839463786	5.996000573	;
7.769645211	0.580916495	4.381928546	;
4.995430074	1.763190106	4.791576429	;
5.921312476	1.806125988	0.082847422	;
6.154638601	6.261364633	3.997476393	;
1.649681032	7.327604802	4.029074752	;
3.155567574	2.399817894	2.227139252	;
4.2292241	0.984650621	6.337303276	;
7.192908031	1.069265582	0.81118738	;
6.017884629	3.277306899	0.289917637	;
5.091975293	1.533575865	7.163436722	;
4.811868031	4.597748426	3.244851423	;
1.305154683	1.274820684	4.861548303	;
0.489987219	5.828973326	7.941671441	;
7.192384159	0.282495399	0.029173715	;
3.829500655	6.384021626	1.708308991	;
1.505730983	6.841661783	0.319271752	;
1.883308129	7.218284817	1.073493688	;
3.757434971	4.1580433	0.099613805	;
6.593426009	2.650562923	1.03624936	;
3.221769745	5.667347526	1.334870073	;
4.204102175	2.668498172	2.082032445	;
4.495056813	2.358542486	0.168428452	];
			
N(:,4:6)=[7.045003976	0.077696629	5.040045679	;
7.508556388	2.579068089	6.884888138	;
6.166009143	2.038022872	0.642297193	;
5.358096107	4.29319502	2.582237834	;
2.48421333	4.726407243	0.740141729	;
3.826521554	3.886074121	4.338607318	;
6.009374233	4.394967765	6.954745528	;
4.967517034	3.173074558	2.979220211	;
7.399390051	4.611226942	0.975115025	;
3.67921103	2.191221373	1.045077132	;
4.656858724	6.602371516	5.439896331	;
2.086654287	4.873036971	7.325460724	;
2.852351487	4.187445268	0.451521676	;
6.886279367	5.787934787	3.918262749	;
1.25908806	4.771905975	2.979920086	;
3.519802737	7.002872821	6.916786313	;
3.433384357	0.924071608	6.349633417	;
4.444076833	4.359115474	1.771798503	;
5.314234564	3.265199097	3.708218017	;
6.419291975	5.020148801	6.640506618	;
6.941957483	6.470657385	4.295260926	;
2.378062462	0.595693934	2.77270175	;
5.242551791	7.601421337	3.79110323	;
1.235955267	2.731012742	3.640976308	;
1.394038545	5.483381878	1.45377823	;
3.021912249	2.960782408	5.336644781	;
1.804702148	4.011006626	5.851907683	;
5.121474515	6.774493267	5.812338226	;
5.522128321	6.020200454	0.232864199	;
5.130923776	3.164485754	0.553025005	];
			
N(:,7:9)=[0.574598936	6.729394794	7.584500556	;
6.213909163	5.618945517	3.485896396	;
5.996619546	6.253315836	5.056007144	;
6.918142815	4.364787013	3.743533646	;
0.99848461	3.965171089	3.040598516	;
1.014469467	7.550237795	7.179348974	;
4.086778246	2.660267382	5.241450974	;
1.805625923	2.996611488	7.87723218	;
4.509697612	7.896342228	3.088003832	;
7.111663595	0.536935854	1.194694718	;
7.04284958	4.530907643	7.713780141	;
5.847205989	6.453387453	7.61965784	;
1.698157718	2.308540976	5.81538535	;
0.018960616	3.575186483	5.719256159	;
5.202470181	4.056944917	5.994851222	;
2.479646057	1.145594585	6.731311972	;
2.43961115	6.928442828	5.79965828	;
4.27219714	2.227600998	7.457878651	;
5.774028047	6.583650103	1.282676012	;
4.562764714	5.047609177	0.922589649	;
5.518439307	6.292947823	0.424530975	;
7.934844636	4.428729197	1.510120779	;
5.416557086	6.662390558	6.909456796	;
4.323991104	3.005048972	2.007503097	;
2.870457261	0.088500152	1.723231484	;
5.094563715	7.339784422	6.134508745	;
6.875265378	3.529076109	4.733957044	;
2.598499648	2.721959739	6.332417941	;
7.886157986	7.815364442	1.663058712	;
4.868960725	7.407842238	7.404498206	];
			
N(:,10:12)=[7.414134991	5.911354972	4.452065141	;
5.91853701	0.019921965	0.979278882	;
4.763784837	6.559751983	6.381793547	;
1.62875914	0.973222606	3.404178196	;
1.94228878	4.916438973	3.70145742	;
0.518860694	6.678371728	4.495920275	;
0.010349138	6.054133306	7.703194296	;
1.317458202	7.551936641	7.176606007	;
0.917805108	3.398370843	3.838192717	;
1.37912344	2.903759188	0.370306022	;
4.517104511	0.128203593	6.121603409	;
7.304109632	4.241028508	1.682007739	;
7.651480063	4.095845161	2.276959759	;
3.924078208	7.095506253	6.484746276	;
4.991289089	4.84024793	2.218872032	;
0.953032742	1.927055811	7.630715224	;
0.359052643	5.92197318	7.248121389	;
0.269705793	1.043050039	1.27329239	;
5.333705107	6.491835528	7.406397849	;
1.000559728	7.224633284	4.630325894	;
7.298671462	2.2447453	1.038577886	;
0.62360086	2.345530515	5.092100405	;
6.566659054	6.533599764	6.457174069	;
6.612433258	1.428688427	1.440939259	;
0.882006949	1.133144311	4.664634849	;
0.598569358	5.989740238	0.633657274	;
2.057252822	6.02453296	4.172175704	;
2.931897316	7.411050533	0.769580323	;
3.996727934	6.528397846	3.979128153	;
6.764359396	7.117715794	5.993009872];
			
N(:,13:15)=[0.775764218	0.456343829	6.422879104	;
2.834198272	3.983598505	2.249201437	;
2.155502862	2.349610675	7.628906495	;
5.140210533	0.490262743	0.01866764	;
2.709499094	1.682178757	1.469359588	;
4.681552416	1.214003728	4.115414577	;
5.088970416	7.336524182	4.225358613	;
4.658999568	3.497786935	6.40637338	;
3.006900915	2.602948168	0.100213583	;
7.273666929	4.631405528	2.396651318	;
6.632788354	5.297233579	4.834137197	;
3.298664929	6.945302523	5.569576475	;
3.398604717	6.760739849	7.148224325	;
4.509398258	7.526627115	6.611208881	;
1.865896992	4.800392091	5.955916392	;
2.713821638	0.444150781	1.538741697	;
6.968789591	6.491714084	5.094154776	;
6.749602488	7.064238863	1.945431032	;
5.045989203	7.693040348	7.732370746	;
6.23684782	7.886266303	3.014229603	;
1.602025321	4.147644941	5.621510901	;
6.221160183	4.78885553	7.274027913	;
7.96833809	2.670881403	0.944004097	;
6.005221357	1.580157174	5.928988917	;
2.180313322	2.466755294	4.737493438	;
1.36980784	3.200319557	2.669183875	;
7.629903411	6.9358157	0.672733876	;
2.162321534	0.069659118	3.162852389	;
3.72626365	3.167824311	3.759053484	;
0.376832773	2.35456928	7.831898446];
		
N(:,16:18)=[4.908997141	1.628475059	7.950962296	;
1.923680705	3.685001848	2.47212962	;
4.54184687	4.313827035	0.972491782	;
3.977026974	6.896416048	0.974890036	;
3.244806812	6.189927749	4.719501556	;
7.370350011	3.24367405	4.133007392	;
2.610624178	7.014734099	2.899374003	;
5.698915568	2.22344471	3.23205054	;
2.116169409	2.904474248	4.237931643	;
4.029415949	7.56701467	2.569395549	;
6.734225725	2.114206786	6.969642867	;
6.136304997	1.501102565	7.307835922	;
6.697978016	7.356216749	7.803065698	;
4.665448068	5.230086462	4.560073311	;
4.999305841	4.907464439	3.049614996	;
3.697383302	1.461540609	7.888929824	;
4.254019646	6.08325006	5.02208941	;
7.877466837	6.688959827	2.247471608	;
3.460250795	7.589267991	4.094455065	;
5.83517477	7.263155552	3.838743585	;
7.488537721	2.041886327	6.994205784	;
0.210682321	7.516002107	1.674588908	;
3.54057263	1.988175035	5.635521883	;
5.994385709	4.886550968	5.620765112	;
2.567796068	0.857208624	7.848885015	;
0.889575613	7.143760213	6.426570104	;
1.340180883	6.929469364	5.786847122	;
7.95743395	0.088645003	5.684356763	;
5.700680774	1.57462362	3.050769702	;
0.159246479	5.162810149	1.8621007]	;
			
