function [A,b]=matrixA(plop)


	A(:,1:3)=[-3.219666978048754    -0.2834893821105373       3.49554415802211;
	     -0.7559006904831072      1.238922801187915     -3.133759549793686;
	     -2.279263326210677     -0.986039274038538    0.04953238754830736;
	       3.496379240752094     -2.541624352012094     0.1338127147145043;
	       3.83716442973482    -0.3632087770813457     -2.395815746558979;
	      -1.408851998530474     -3.592676093433532      1.750312903730046;
	      -2.463556615799846    -0.4232730736579398       3.23649122116768;
	    -1.611124282690688      -1.60658681103231     -1.625113976269491;
	      1.852340054076727      2.308549837205327     -3.709819046090768;
	     -2.976560867704232    0.01032611691660623    -0.4005501977466062;
	     -3.828100916842179     -2.669272558578598     -2.333010186743729;
	    -0.8314286535620892     0.8980514775238904     -1.490930768408196;
	    -3.288788399203484     -1.794306017918101      3.398461333183277;
	    0.3433801084506527      2.090407525971854      0.498933005842634;
	   -3.899614382752354     -0.951510950825587      1.358802294814632;
	    3.804683345734357     -3.465370925103518       1.43783873548208;
   -0.1237189252090953      2.546622135920898      2.875075967761706;
      1.125395793221234    -0.3488372812584446     0.6435497172177662;
	   -3.369582229422958      1.590888893978435      2.326563062354837;
    0.8641353574745319      1.505027758518007       3.68321161816621;
    2.195465208529284      1.729097770838059      2.571180605057482;
   -0.7593866156802194     -3.267963528046304      1.890690831606339;
     1.034842388494588    0.06972356020254811      3.844789179166246;
     2.626407097093997     0.9294396571121473       2.59533109797996;
     2.194196116893331      3.302164232784761      1.360855910666188;
    -1.375443699869058      3.235973365926888      3.898558509166334;
    -2.56823770746467      1.994319304059888     0.3859020887862608;
     3.820931778721632      2.656966916880914      3.291359086196443;
    3.959374400770749      3.175335570273123      1.296842963230834;
   3.655497466363586      3.935778358156547       2.71763134925404];

A(:,4:6)=[-2.380409477821828      1.742840776610203      -1.29532054483966;
	       2.427681808446668      1.627675856644947      1.495219461949082;
	       1.73834153498701     0.8502116844090537     -1.843355660745567;
	        2.10019457776887     -1.411324106402733     0.5020692450737645;
	      -3.161794153504935      2.074079260037753      2.807779055957318;
	       1.241873743904922      2.276396966471993   -0.00765205302106553;
	     -0.4321365626995615     -2.938584226020462     0.7959815695282497;
	      0.4733956214699448      2.535623974013526     -1.751805858518201;
	      -1.328738528172225     0.5825391988815918     0.2079040774643337;
	     -1.370068835986943     -2.714059122693584     -2.883560472054595;
	     -3.995663907379671      2.859393001394467     0.5002940183951941;
	     -3.693743072576404      1.669415743788531      1.225210168448412;
	      2.244314761093427     0.7922625520109108     0.9436601526407049;
	     -3.890182307226782     0.4931143622333654     -2.423180670570831;
	    -0.5388345975893709     0.4679685614840361      2.321354825426544;
	     0.9338906638032318      1.945453903595094      1.133058315066765;
	   -0.07807625093076442      3.848609989427577    -0.9142918607347266;
	     -3.375838244574886    -0.5723729584655981     -3.115184664169433;
	     0.4126348729764793     0.5767753892616181     -1.514458979352199;
	     -3.513963142176284     -1.609245193921131     -2.016059978790872;
	      3.467297968381202    -0.1144562704898346      1.138761838967881;
	     0.4384964462496459      1.805653855040994     0.8102839593579088;
	     -2.475947651595524     -2.427764850230582     -3.828998377634747;
	     -1.649093288080679     -3.028460971995576     -3.118136457835978;
	      3.749732352696441     -2.030537766232254     0.6359160529528722;
	      2.628368030811045      2.853666093277874      2.455862540865963;
	      3.268701272108894      3.281322042040635    -0.2971756132191534;
	      3.173768270701247      3.152344872443625       3.59411230995017;
	      1.903404773959963      2.027763563412138      2.746333410505454;
	     -3.411604862520228      1.189386455196542      2.554928438270992];
     
 A(:,7:9)=[1.877580849383639    -0.2180658080792415     -2.901722465649555;
	        1.63975588483412      3.484055101401963      0.140004097518907;
	    -0.02855136867230268      -2.30398948550142     0.9797304884194453;
	      -3.898153535768468     -2.247712102431411     -3.149762725383868;
	       3.426083607033235    -0.1975949248024018    -0.6060335982702929;
	      -2.766533748954221      2.089235930864997     -2.764824303533659;
	      -0.382083957731588      0.832200310167198   0.007422359668587397;
	       3.647273252778136     -3.264502324638757      -1.53708053014878;
	       3.927920194028285      1.695633440009251     -1.940454910601723;
	      -2.260774783690963      -2.12252745857394    0.06612559301244225;
	      -1.274497287645327       1.39487053859896      2.696469936831863;
	       2.970933856281487      1.218155442841264     -2.001650688814419;
	      2.971276856323243      2.792529792374882      -0.63279677165055;
	      -2.94072743235656     -1.733428823424591      -3.38166706718863;
	    -0.1207549541240911      3.867990135943215     -1.209256523404105;
	      1.072169893580242    0.02073928066081621      3.407969344056831;
	      3.200411602053247      1.682605290519142      -3.05182313489597;
	    -0.3214261805156022     -1.027198703319033      3.789482834717725;
	    -0.6784707757406272     -1.331138232483649     0.6785524562209524;
	      1.030662103570908     -2.427789299700872     0.8084317607237015;
	     -1.759066473733575    -0.3776437139846056     -1.476700975026487;
	      0.208573805921767     -3.722363549878494      0.959850339944289;
	      1.465602931115386     -1.982615163069872     0.5951361892830462;
	     -1.617490532545578      1.334594771169355    -0.8114472646208615;
	     -3.079648213732089       3.80179784065696     -2.571441909254081;
	      3.970895317723668     -2.408044517097351     -2.949926947426544;
	     0.1824155180805045      3.432860573179119     -2.702527513656748;
	      3.530515889466564     -1.120581727735135      3.741097629519253;
	      -3.09154912964238       2.56372530375377     -2.530786783826632;
	     0.7259786674785387     -3.039894803279048     -3.258218480114585];
