function M=matrixM(plop)

M(1:30,1:30)=0;

       M(:,1:3)=[15.41352088258426     0.5870086943749296     0.2910696097620605;
	      0.1372072139974217      13.82175610572843     0.6428274104321972;
	      0.0305486924602949     0.2368918701639919      16.39940497771933;
	      0.9776370395975765     0.7427136163086412     0.7551378011103022;
	      0.6789646382345487     0.4275320571883431     0.5598414821542146;
	       0.269495743356833     0.7800995110091611     0.8253271727144165;
	      0.5547324833758847     0.1719442194916643     0.9608361140806008;
	      0.1889083791824051     0.8245983546003461     0.7614124515134242;
	      0.4457561508277777    0.01393966608391081     0.9239425780357344;
	     0.2786188023182799     0.4737640587864227     0.7625605759749979;
	     0.2642237088938791     0.3246288117062971     0.7806265705367138;
	     0.9719798370967988     0.5388259526686587     0.8107048441585696;
	     0.2403867377791587     0.3918396390834264     0.0344461933977968;
	      0.250686119476992    0.00938905706214801   0.006101972562045975;
	    0.05162917275046379     0.4101327081638584     0.6828748353574219;
	     0.9711777228795164      0.486103789623035     0.0984395297854655;
	     0.8704064653243305     0.8272888949791337     0.8120697048758045;
	      0.889375720186958     0.4143051882559345      0.121906840753785;
	     0.9319045967116537     0.3780500037539007    0.03701335784526106;
	     0.4599642354816828     0.2110702599403652      0.903418355628804;
	     0.8128196652165396      0.898065007007307     0.8902301252413259;
	      0.658178023633199     0.8644189819315523     0.6834896821859779;
	     0.2811894829726663     0.3451539763530393     0.6611242155006551;
	     0.2608496458241769     0.6648293109542107     0.2957427956611375;
	     0.6340252627771267     0.5613570164470195     0.6529408885282212;
	     0.5040381392745136     0.3867171473850629    0.01739415076954392;
	     0.5861879238767813     0.4399105503285591     0.6587654754996627;
	     0.3402795086509102     0.4184572990811255     0.6942509893008988;
	     0.9259975399333925     0.5126784172089732     0.8392018849484525;
	     0.9363522304924973    0.09503832313565043     0.2257073694038323];


	   M(:,4:6)=[   0.9422065977382565       0.37317882240413     0.8476805484217446;
	      0.6872354191253708     0.6277660380180018     0.3489616216899211;
	      0.8646349517832945     0.7826271387324659     0.2025314369539604;
	       16.13826681428557     0.3269568089946768     0.4904568809008279;
	     0.8737695178722905        14.588564592934     0.7909703869450119;
	      0.9810275318731023    0.09399409112130151      14.68189492874598;
	      0.6823171526439079     0.2004016963251534     0.2332300374512486;
	    0.04609562973723962     0.5218552737951238     0.4215397979745207;
	      0.5864977235066112     0.1368830349279545     0.7385586571951177;
	     0.6800200411949229     0.4543773191710627     0.1306251135724658;
	     0.6294249063197739    0.04352041821173069     0.8132861430534378;
	      0.348230078446258     0.3317449116788588      0.832452864328655;
	     0.4972078234570118      0.229156496830691     0.2642220956532723;
	     0.1553137451749327     0.7965692832535914    0.05467419484340955;
	     0.9957893318501464      0.468011800854707     0.2984363512643997;
	      0.224310214656892     0.8345914679189156    0.04185194384093825;
	    0.08801394824041542     0.4686124480567416      0.547734728458255;
	     0.1141848889836097     0.5821267199057361     0.4325476183229039;
	     0.8538933809834506     0.4328527142474486      0.546248395782192;
	     0.4068803464093237    0.01524562078835618     0.5077766536766415;
	     0.3302205097336695     0.4875056262528318     0.1526365401127024;
	     0.5730882756856481     0.2652321879238043     0.7593040077975926;
	     0.7476062814324882     0.6826985800690958     0.5178149843688614;
	     0.9014673587451618     0.8088138906918213     0.4949046697773332;
	     0.6366817652513826     0.3935913682181723     0.8388806397133034;
	     0.4229659598131504     0.4567358814131351     0.4060337392936034;
	     0.6172410380714185     0.3519343245489584     0.2854662533280303;
	     0.7939452669439877     0.2887967453351895     0.1060523594422831;
	    0.2338250038631537     0.8732648823766301     0.3134944249647438;
	     0.2141721247486947      0.127772036088509    0.07037652976514772];

      
	    M(:,7:9)=  [0.3047585221542866      0.890918216420138     0.2783319085098416;
	      0.6970045518775403     0.8709216838593606     0.6727750166880148;
	      0.9642446838891041     0.9553063101608775     0.9921497430617942;
	      0.6130233439807293    0.04863957316251299     0.4731948032489385;
	      0.4901223809960358     0.5333148915214981     0.2515970307343894;
	      0.9214307430886239     0.6669481819782972      0.867909920211279;
	       15.84371870567105     0.3680095206515963      0.193569626341315;
	      0.2856477414964487      14.57071615508573     0.1287228314431249;
	     0.7153989997447571       0.53018536233962      15.43874280610999;
	     0.7815386797745009    0.07345313282643898     0.5274524587901087;
	     0.3996533126062634     0.3408380792753422     0.5986288479856674;
	     0.7036497883294828     0.3502458335504069     0.5573873738621121;
	     0.4280795921666434     0.9565419170160278     0.8180844255393266;
	     0.1824472371189555    0.08842241649250601     0.1135695426168066;
	     0.2736270710600434     0.2455608761132935    0.03831829576214307;
	     0.8640198764910725     0.8048829172563443     0.6257035693685429;
	     0.4601924881206371     0.7032521288279867     0.2010327346047295;
	     0.2816518341602014     0.9199072898635783     0.4997644747626347;
	    0.1242510900674227     0.8664960238237777     0.3906960010841436;
	     0.8251503551283718      0.288692235618969      0.321633309021468;
	      0.234740801168412     0.3726304163572219     0.8405361131690817;
	     0.9585910384172049     0.6956274946147866     0.2787343222714721;
	     0.5917586947329918     0.5869635994468569     0.2750554224443245;
	     0.2664558838128329     0.1608114196467234     0.3628184148819318;
	     0.2185650543214157     0.4300144459284209     0.1559059687092054;
	     0.7988525922340968     0.6030268601064499     0.7760717732905332;
	     0.2747737310499496     0.3426589382479134    0.07885914491356451;
	     0.2886759328966087     0.2719303243035844     0.4678269039521624;
	     0.9761373595299353    0.07603562311761253     0.3876873263189962;
	     0.9092753252564827     0.5184804425575887     0.9140467111901533];
